((("cmd" .
   [2 0 0])
  ("String" .
   [0 0 2 0 0 0])
  ("Flag" .
   [1 0 0 0])
  ("New" .
   [1 0 0])
  ("Arg" .
   [1 0 0])
  ("Command" .
   [1 0 0 0 0 0 0])
  ("kingpin" .
   [0 0 0 1 0 0 0])
  ("app" .
   [2 0 0])
  ("set-frame-font" .
   [0 0 0 0 0 0 0 0 0 0 0 0 1 0])
  (":font" .
   [1 0 0 0 0])
  ("close" .
   [0 0 1 0 0])
  ("run" .
   [1 0 0])
  ("func" .
   [2 0 0 0])
  ("md" .
   [5 0])
  ("length" .
   [2 0 0 1 0 0])
  ("sizeof" .
   [4 0 0 0 0 0])
  ("unsigned" .
   [0 0 11 0 24 0 0 0])
  ("for" .
   [13 0 0])
  ("cmigemo" .
   [1 0 0 0 0 0 0])
  ("add-to-load-path" .
   [0 0 0 0 0 0 0 0 0 0 0 0 1 0 0 0])
  ("default-directory" .
   [0 0 0 0 0 0 0 0 0 0 1 0 0 0 0 0 0])
  ("load-path" .
   [1 0 0 0 0 0 0 0 0])
  ("let" .
   [2 0 0])
  ("paths" .
   [2 0 0 0 0])
  ("path" .
   [2 0 0 0])
  ("add" .
   [2 0 0])
  ("vm" .
   [1 0])
  ("config" .
   [1 0 0 0 0 0])
  ("hello" .
   [1 0 0 0 0])
  ("void" .
   [24 0 1 0])
  ("100000" .
   [1 0 0 0 0 0])
  ("strcat" .
   [2 0 0 0 0 1])
  ("0xffff" .
   [5 0 0 0 0 0])
  ("char" .
   [62 0 0 0])
  ("answer" .
   [1 0 3 1 0 1])
  ("num" .
   [7 0 0])
  ("double" .
   [5 0 0 0 0 0])
  ("successor" .
   [1 0 2 0 0 0 0 0 0])
  ("export" .
   [0 0 0 1 0 0])
  ("return" .
   [21 0 1 0 0 1])
  ("int" .
   [82 0 0])
  ("printf" .
   [29 1 0 3 16 9])
  ("include" .
   [11 1 1 0 0 0 0])
  ("low" .
   [3 0 4])
  ("high" .
   [3 0 6 0])
  ("middle" .
   [0 0 4 3 0 1])
  ("n" .
   [8])
  ("table" .
   [5 0 0 1 1])
  ("key" .
   [2 0 2])
  ("data" .
   [122 0 0 1])
  ("if" .
   [18 0])
  ("else" .
   [16 0 0 1])
  ("h" .
   [4])
  ("100" .
   [0 1 0])
  ("ret" .
   [5 0 0])
  ("while" .
   [2 0 0 0 0])
  ("0" .
   [1])
  ("d" .
   [24])
  ("Kaijo" .
   [0 0 0 1 0])
  ("scanf" .
   [3 0 0 0 3])
  ("item" .
   [2 0 0 0])
  ("tmp" .
   [11 0 0])
  ("10000" .
   [1 0 3 0 0])
  ("pow" .
   [1 0 0])
  ("1" .
   [7])
  ("sprintf" .
   [0 0 3 0 0 0 0])
  ("tmp2" .
   [2 0 0 0])
  ("answer_str" .
   [0 0 0 1 0 0 0 0 0 0])
  ("this" .
   [1 0 0 0])
  ("aac" .
   [0 1 0])
  ("anss" .
   [0 1 0 0])
  ("main" .
   [0 1 0 0])
  ("when" .
   [9 0 2 0])
  ("require" .
   [1 0 6 3 5 0 0])
  ("color" .
   [0 0 0 0 2])
  ("color-moccur" .
   [0 0 0 0 0 0 1 0 1 0 0 0])
  ("nil" .
   [17 0 0])
  ("define-key" .
   [0 0 0 0 0 0 1 0 0 1])
  ("global-map" .
   [0 0 0 0 0 2 0 0 0 0])
  ("kbd" .
   [2 0 0])
  ("occur" .
   [0 0 0 1 0])
  ("add-to-list" .
   [0 0 0 0 0 0 3 0 0 2 0])
  ("dmoccur-exclusion-mask" .
   [0 0 0 2 0 0 0 0 0 0 0 0 0 0 0 0 0 0 0 0 0 0])
  ("and" .
   [3 0 0])
  ("executable-find" .
   [0 0 0 0 0 0 0 2 0 0 0 1 0 0 0])
  ("setq" .
   [3 0 1 4])
  ("anything" .
   [0 0 3 12 0 0 1 0])
  ("anything-config" .
   [0 0 0 0 0 0 0 0 0 0 0 0 1 0 1])
  ("alphabet" .
   [0 0 0 0 0 1 0 0])
  ("anything-match-plugin" .
   [0 0 0 0 0 0 0 0 0 0 0 1 0 0 0 0 0 0 0 0 0])
  ("migemo" .
   [2 0 0 0 0 0])
  ("anything-migemo" .
   [0 0 0 0 0 0 0 0 0 0 0 1 0 0 0])
  ("anything-complete" .
   [0 0 0 0 0 0 0 0 0 0 0 1 1 0 0 0 0])
  ("anything-show-completion" .
   [0 0 0 0 0 0 0 0 0 0 0 0 1 0 0 0 0 0 0 0 0 0 0 0])
  ("auto-install" .
   [0 0 0 0 0 0 0 1 0 0 0 0])
  ("descbinds-anything" .
   [0 0 0 0 0 0 0 1 0 0 0 0 0 0 0 0 0 0])
  ("defvar" .
   [1 0 0 0 0 0])
  ("file" .
   [2 0 0 0])
  ("name" .
   [1 0 0 0])
  ("defun" .
   [3 0 0 0 0])
  ("source" .
   [4 0 0 2 0 1])
  ("dolist" .
   [1 0 0 0 0 0])
  ("flymake-makefile-filenames" .
   [1 0 0 0 0 0 0 0 0 0 0 0 0 0 0 0 0 0 0 0 0 0 0 0 0 0])
  ("file-readable-p" .
   [1 0 0 0 0 0 0 0 0 0 0 0 0 0 0])
  ("concat" .
   [2 0 0 0 0 0])
  ("base-dir" .
   [1 0 0 0 0 0 0 1])
  ("makefile" .
   [1 0 0 0 0 0 0 0])
  ("found" .
   [1 0 0 1 0])
  ("list" .
   [4 0 0 0])
  ("string=" .
   [1 0 0 0 0 0 0])
  ("file-name-extension" .
   [0 0 0 0 0 0 0 0 0 0 0 0 1 0 0 0 0 0 0])
  ("/dev/null" .
   [1 0 0 0 0 0 0 0 0])
  ("comm" .
   [1 0 0 0])
  ("line" .
   [1 0 0 0])
  ("check" .
   [1 0 0 0 0])
  ("Create" .
   [1 0 0 0 0 0])
  ("copy" .
   [1 0 0 0])
  ("let*" .
   [2 0 0 0])
  ("buffer" .
   [0 0 0 0 1 0])
  ("buffer-file-name" .
   [0 0 0 0 0 0 0 0 0 0 1 0 0 0 0 0])
  ("file-name-directory" .
   [0 0 0 0 0 0 0 0 0 0 0 0 0 0 1 0 0 0 0])
  ("source-file-name" .
   [0 0 0 0 0 0 0 0 0 1 0 0 0 0 0 0])
  ("buildfile-dir" .
   [1 0 0 0 0 0 0 0 0 0 1 0 0])
  ("args" .
   [1 0 1 0])
  ("temp-source-file-name" .
   [0 0 0 0 0 0 0 0 0 0 0 1 0 0 0 0 0 0 0 0 0])
  ("use-relative-base-dir" .
   [0 0 0 0 0 0 0 0 1 0 0 0 0 0 0 0 0 0 0 0 0])
  ("use-relarive-source" .
   [0 0 0 0 0 0 0 0 1 0 0 0 0 0 0 0 0 0 0])
  ("get-cmdline-f" .
   [0 0 0 0 0 0 1 0 0 0 0 0 0])
  ("message" .
   [1 0 0 0 0 0 0])
  ("flymake-simple-make-gcc-init-impl" .
   [0 0 0 0 0 0 0 0 0 0 0 0 0 0 0 0 0 0 0 0 0 0 0 0 0 1 0 0 0 0 1 0 0])
  ("Makefile" .
   [2 0 0 0 0 0 0 0])
  ("flymake-get-make-gcc-cmdline" .
   [0 0 0 0 0 0 0 0 0 0 0 0 0 0 0 0 0 0 0 0 1 1 0 0 0 0 0 0])
  ("flymake-create-temp-inplace" .
   [0 0 0 0 0 0 0 0 0 0 0 0 0 0 1 0 0 0 0 0 0 0 0 0 0 0 0])
  ("make" .
   [1 0 0 0])
  ("flymake-simple-make-gcc-init" .
   [0 0 0 0 0 0 0 0 0 0 1 0 0 0 0 0 0 0 0 0 0 0 0 0 0 0 0 0])
  ("parse" .
   [2 0 0 0 0])
  ("i" .
   [46])
  ("dtcp" .
   [3 0 0 0])
  ("dudp" .
   [3 0 0 0])
  ("size" .
   [49 0 1 0])
  ("s" .
   [26])
  ("in" .
   [2 0])
  ("memcpy" .
   [3 0 0 24 0 0])
  ("header" .
   [15 0 0 5 2 0])
  ("protocol" .
   [2 0 0 5 0 2 0 0])
  ("uip" .
   [1 0 0])
  ("define" .
   [12 0 0 0 0 0])
  ("DIP" .
   [9 0 1])
  ("c" .
   [19])
  ("DTCP" .
   [2 0 3 0])
  ("MD5Init" .
   [1 0 0 0 0 0 0])
  ("md5" .
   [19 0 0])
  ("16" .
   [17 0])
  ("MD5_CTX" .
   [0 0 0 0 0 0 1])
  ("MD5Update" .
   [0 0 0 0 1 0 0 0 0])
  ("MD5Final" .
   [0 0 0 0 1 0 0 0])
  ("generateMD5" .
   [1 0 1 0 2 0 0 0 0 0 0])
  ("NONE" .
   [8 0 1 0])
  ("t" .
   [15])
  ("DIP_VER" .
   [1 0 0 0 1 0 0])
  ("count" .
   [4 0 0 1 0])
  ("type" .
   [40 1 3 2])
  ("version" .
   [2 0 1 3 0 0 0])
  ("ttl" .
   [5 0 0])
  ("filename" .
   [4 0 0 0 0 0 0 0])
  ("a" .
   [6])
  ("fopen" .
   [2 0 0 0 0])
  ("layer" .
   [0 0 0 1 0])
  ("layer3" .
   [4 0 0 0 0 0])
  ("argv" .
   [0 0 2 1])
  ("printData" .
   [2 0 0 0 0 0 1 0 0])
  ("02x" .
   [1 0 0])
  ("DATA" .
   [6 0 2 0])
  ("dip" .
   [9 0 0])
  ("DUDP" .
   [1 0 2 0])
  ("12" .
   [8 0])
  ("len" .
   [71 0 0])
  ("switch" .
   [3 0 0 0 0 0])
  ("case" .
   [5 0 0 0])
  ("client_sockfd" .
   [3 0 0 2 1 7 1 1 0 1 0 0 0])
  ("break" .
   [6 0 0 0 0])
  ("default" .
   [3 0 0 0 0 0 0])
  ("hp" .
   [7 0])
  ("read" .
   [9 0 0 0])
  ("uint_32" .
   [0 0 10 4 0 0 0])
  ("digest" .
   [1 0 0 0 6 0])
  ("strcmp" .
   [1 0 0 1 0 0])
  ("1500" .
   [2 0 0 0])
  ("24" .
   [6 0])
  ("exit" .
   [6 0 0 0])
  ("15" .
   [7 0])
  ("next_len" .
   [2 0 14 1 3 3 0 0])
  ("types" .
   [0 0 0 0 1])
  ("uint32_t" .
   [24 0 2 2 3 0 1 0])
  ("uint32_t32" .
   [0 0 0 0 0 0 0 0 3 0])
  ("send" .
   [2 0 0 0])
  ("sendDpacket" .
   [0 0 0 0 0 1 0 1 0 0 0])
  ("atoi" .
   [1 0 0 0])
  ("layer2" .
   [2 0 2 2 0 0])
  ("result" .
   [1 0 0 0 0 0])
  ("2" .
   [1])
  ("print" .
   [1 0 0 0 0])
  ("broken" .
   [1 0 0 0 0 0])
  ("FILE" .
   [2 0 0 0])
  ("fp" .
   [5 0])
  ("NULL" .
   [1 0 0 0])
  ("fread" .
   [1 0 0 0 0])
  ("1024" .
   [1 0 0 0])
  ("fclose" .
   [1 0 0 0 0 0])
  ("struct" .
   [0 0 1 0 0 0])
  ("Print" .
   [0 0 1 0 0])
  ("Println" .
   [3 0 0 0 0 0 0])
  ("Required" .
   [0 0 0 0 1 0 0 0])
  ("addr" .
   [2 0 0 0])))
